"Soliton"
1 0.02
2 0.5
3 0.16666666666666663
4 0.08333333333333337
5 0.04999999999999993
6 0.03333333333333344
7 0.023809523809523725
8 0.017857142857142905
9 0.01388888888888884
10 0.011111111111111183
11 0.009090909090909038
12 0.007575757575757569
13 0.0064102564102563875
14 0.005494505494505586
15 0.004761904761904745
16 0.004166666666666652
17 0.003676470588235281
18 0.0032679738562091387
19 0.0029239766081871066
20 0.0026315789473684292
21 0.0023809523809523725
22 0.0021645021645021467
23 0.0019762845849803368
24 0.0018115942028985588
25 0.0016666666666665941
26 0.0015384615384615996
27 0.0014245014245013454
28 0.001322751322751392
29 0.0012315270935959743
30 0.0011494252873563982
31 0.0010752688172043223
32 0.0010080645161290036
33 0.0009469696969697239
34 0.0008912655971479166
35 0.0008403361344537785
36 0.0007936507936507908
37 0.0007507507507507061
38 0.0007112375533429027
39 0.0006747638326585204
40 0.0006410256410256387
41 0.0006097560975609762
42 0.0005807200929152101
43 0.0005537098560354226
44 0.0005285412262157063
45 0.0005050505050504528
46 0.0004830917874396601
47 0.00046253469010171244
48 0.00044326241134751143
49 0.00042517006802722523
50 0.00040816326530612734


"Robust Soliton"
1 0.03634329440991061
2 0.46857827238497457
3 0.15918598254916017
4 0.08108960381833108
5 0.0495517298172492
6 0.03363313156233316
7 0.024451268985595465
8 0.018659154427143276
9 0.014762111089514307
10 0.01200923721077829
11 0.009989006359045982
12 0.008460227651667096
13 0.007273778208622295
14 0.006333344786099482
15 0.00557441953140525
16 0.0049524477171670744
17 0.004435833833254188
18 0.004001654095327267
19 0.003632940069284052
20 0.0033169075111056934
21 0.0030437719160599785
22 0.002805938431320709
23 0.002597436572717826
24 0.0024135185802901526
25 0.002250369344742098
26 0.00210489378056955
27 0.0019745588431556715
28 0.0018572746804500495
29 0.0017513041982084587
30 0.0016551935166324583
31 0.0015677179677369146
32 0.0014878397787503328
33 0.001414674631671664
34 0.00134746502813754
35 0.001285558917727192
36 0.001228392430651093
37 0.0011754758356946615
38 0.0011263820509747058
39 0.0010807371890657613
40 0.0010382127337951186
41 0.000998519033686196
42 0.0009613998639781407
43 0.0009266278606286926
44 0.0008940006695669078
45 0.0008633376855279318
46 0.000834477279164525
47 0.0008072744303402324
48 0.0007815987007625536
49 0.0007573324912608648
50 0.0007343695387634908
