# overlap  mean inflation   stddev inflation
"k=50"
0.00 1.40 0.21
0.05 1.38 0.21
0.10 1.40 0.22
0.15 1.44 0.23
0.20 1.42 0.23
0.25 1.44 0.23
0.30 1.48 0.24
0.35 1.49 0.25
0.40 1.52 0.26
0.45 1.54 0.26
0.50 1.56 0.28
0.55 1.60 0.29
0.60 1.63 0.30
0.65 1.62 0.31
0.70 1.63 0.32
0.75 1.67 0.33
0.80 1.66 0.34
0.85 1.67 0.36
0.90 1.64 0.36
0.95 1.60 0.38
1.00 1.52 0.40


"k=200"
0.00 1.20 0.08
0.05 1.19 0.06
0.10 1.21 0.06
0.15 1.22 0.06
0.20 1.24 0.07
0.25 1.25 0.07
0.30 1.28 0.07
0.35 1.30 0.07
0.40 1.32 0.07
0.45 1.34 0.08
0.50 1.36 0.08
0.55 1.37 0.09
0.60 1.39 0.09
0.65 1.40 0.10
0.70 1.42 0.10
0.75 1.41 0.09
0.80 1.41 0.10
0.85 1.39 0.10
0.90 1.30 0.11
0.95 1.15 0.09
1.00 1.19 0.10
