# overlap  mean inflation   stddev inflation
"k=50"
0.00 1.61 0.35
0.05 1.39 0.18
0.10 1.37 0.17
0.15 1.38 0.16
0.20 1.40 0.17
0.25 1.42 0.15
0.30 1.45 0.21
0.35 1.46 0.20
0.40 1.49 0.19
0.45 1.50 0.19
0.50 1.55 0.21
0.55 1.55 0.23
0.60 1.59 0.26
0.65 1.57 0.27
0.70 1.61 0.31
0.75 1.62 0.33
0.80 1.58 0.33
0.85 1.62 0.36
0.90 1.54 0.37
0.95 1.50 0.33
1.00 1.42 0.26


"k=200"
0.00 1.26 0.12
0.05 1.20 0.06
0.10 1.22 0.08
0.15 1.22 0.07
0.20 1.24 0.08
0.25 1.25 0.09
0.30 1.26 0.09
0.35 1.27 0.10
0.40 1.29 0.10
0.45 1.30 0.11
0.50 1.30 0.11
0.55 1.31 0.11
0.60 1.32 0.14
0.65 1.31 0.13
0.70 1.32 0.16
0.75 1.31 0.15
0.80 1.30 0.16
0.85 1.29 0.19
0.90 1.28 0.18
0.95 1.24 0.15
1.00 1.20 0.09


"k=1000"
0.00 1.13 0.06
0.05 1.10 0.03
0.10 1.11 0.04
0.15 1.11 0.04
0.20 1.12 0.04
0.25 1.13 0.04
0.30 1.14 0.04
0.35 1.15 0.06
0.40 1.16 0.05
0.45 1.17 0.06
0.50 1.18 0.06
0.55 1.19 0.08
0.60 1.20 0.10
0.65 1.19 0.09
0.70 1.19 0.10
0.75 1.20 0.12
0.80 1.19 0.11
0.85 1.17 0.13
0.90 1.17 0.14
0.95 1.14 0.12
1.00 1.10 0.02
