# rate1 rate2 deliver1 deliver2
0 99999
99999 0
0.90 1.83
0.92 0.49
0.94 0.57
0.96 0.36
0.98 0.32
1.00 0.33
1.02 0.29
1.04 0.28
1.06 0.26
1.08 0.23
1.10 0.20
1.12 0.20
1.14 0.21
1.16 0.16
1.18 0.17
1.20 0.17
1.22 0.16
1.24 0.17
1.26 0.16
1.28 0.17
1.30 0.16
1.32 0.18
1.34 0.16
1.36 0.16
1.38 0.15
1.40 0.16
1.42 0.17
1.44 0.15
1.46 0.16
1.48 0.15
1.50 0.16
1.52 0.14
1.54 0.15
1.56 0.14
1.58 0.15
1.60 0.16
1.62 0.17
1.64 0.15
1.66 0.15
1.68 0.17
1.70 0.16
1.72 0.16
1.74 0.15
1.76 0.16
1.78 0.15
1.80 0.15
1.82 0.16
1.84 0.16
1.86 0.15
1.88 0.15
1.90 0.16
1.92 0.15
1.94 0.15
1.96 0.16
1.98 0.15
2.00 0.14
2.02 0.17
2.04 0.17
2.06 0.16
2.08 0.18
2.10 0.15
2.12 0.16
2.14 0.15
2.16 0.15
2.18 0.16
2.20 0.15
2.22 0.15
2.24 0.16
2.26 0.16
2.28 0.16
2.30 0.16
2.32 0.15
2.34 0.16
2.36 0.14
2.38 0.15
2.40 0.15
2.42 0.17
2.44 0.16
2.46 0.15
2.48 0.14
2.50 0.16
2.52 0.15
2.54 0.16
2.56 0.16
2.58 0.13
2.60 0.17
2.62 0.16
2.64 0.16
2.66 0.18
2.68 0.17
2.70 0.16
2.72 0.16
2.74 0.16
2.76 0.17
2.78 0.15
2.80 0.16
2.82 0.15
2.84 0.16
2.86 0.16
2.88 0.15
2.90 0.15
2.92 0.16
2.94 0.15
2.96 0.18
2.98 0.16
2.53 0.14
1.18 0.16
1.15 0.18
1.11 0.20
1.09 0.22
1.08 0.24
1.06 0.26
1.01 0.28
0.98 0.30
0.98 0.32
0.97 0.34
0.98 0.36
0.96 0.38
0.94 0.40
0.91 0.42
0.91 0.44
0.93 0.46
0.91 0.48
0.91 0.50
0.92 0.52
0.90 0.54
0.90 0.56
0.92 0.58
0.91 0.60
0.91 0.62
0.91 0.64
0.92 0.66
0.92 0.68
0.93 0.70
0.89 0.72
0.90 0.74
0.90 0.76
0.89 0.78
0.89 0.80
0.90 0.82
0.90 0.84
0.91 0.86
0.89 0.88
0.90 0.90
0.92 0.92
0.92 0.94
0.91 0.96
0.92 0.98
0.89 1.00
0.90 1.02
0.92 1.04
0.90 1.06
0.91 1.08
0.90 1.10
0.93 1.12
0.90 1.14
0.91 1.16
0.92 1.18
0.92 1.20
0.91 1.22
0.89 1.24
0.91 1.26
0.90 1.28
0.91 1.30
0.92 1.32
0.90 1.34
0.91 1.36
0.91 1.38
0.90 1.40
0.92 1.42
0.89 1.44
0.90 1.46
0.89 1.48
0.90 1.50
0.90 1.52
0.91 1.54
0.91 1.56
0.90 1.58
0.91 1.60
0.90 1.62
0.91 1.64
0.91 1.66
0.91 1.68
0.92 1.70
0.90 1.72
0.90 1.74
0.90 1.76
0.92 1.78
0.90 1.80
0.90 1.82
0.89 1.84
0.90 1.86
0.90 1.88
0.90 1.90
0.92 1.92
0.89 1.94
0.90 1.96
0.94 1.98
0.91 2.00
0.91 2.02
0.93 2.04
0.90 2.06
0.89 2.08
0.91 2.10
0.91 2.12
0.89 2.14
0.89 2.16
0.90 2.18
0.92 2.20
0.89 2.22
0.90 2.24
0.90 2.26
0.89 2.28
0.89 2.30
0.91 2.32
0.92 2.34
0.90 2.36
0.91 2.38
0.90 2.40
0.90 2.42
0.91 2.44
0.91 2.46
0.91 2.48
0.91 2.50
0.91 2.52
0.92 2.54
0.90 2.56
0.92 2.58
0.90 2.60
0.89 2.62
0.91 2.64
0.90 2.66
0.91 2.68
0.91 2.70
0.90 2.72
0.92 2.74
0.90 2.76
0.90 2.78
0.92 2.80
0.90 2.82
0.92 2.84
0.90 2.86
0.93 2.88
0.91 2.90
0.90 2.92
0.90 2.94
0.89 2.96
0.90 2.98
