# overlap  mean inflation   stddev inflation
"k=50"
0.00 1.55 0.37
0.05 1.30 0.17
0.10 1.25 0.12
0.15 1.25 0.13
0.20 1.25 0.12
0.25 1.26 0.14
0.30 1.25 0.12
0.35 1.27 0.15
0.40 1.28 0.14
0.45 1.30 0.15
0.50 1.30 0.15
0.55 1.31 0.18
0.60 1.32 0.18
0.65 1.31 0.19
0.70 1.30 0.19
0.75 1.30 0.20
0.80 1.28 0.20
0.85 1.33 0.22
0.90 1.30 0.22
0.95 1.31 0.20
1.00 1.33 0.24


"k=200"
0.00 1.24 0.12
0.05 1.15 0.05
0.10 1.16 0.05
0.15 1.16 0.06
0.20 1.16 0.06
0.25 1.17 0.06
0.30 1.17 0.06
0.35 1.18 0.07
0.40 1.18 0.07
0.45 1.19 0.07
0.50 1.19 0.07
0.55 1.19 0.07
0.60 1.18 0.07
0.65 1.19 0.08
0.70 1.18 0.08
0.75 1.19 0.09
0.80 1.18 0.09
0.85 1.18 0.09
0.90 1.17 0.10
0.95 1.18 0.11
1.00 1.18 0.09
