# overlap  mean inflation   stddev inflation 500 runs
"k=50"
0.00 1.41 0.20
0.05 1.43 0.21
0.10 1.47 0.22
0.15 1.50 0.22
0.20 1.50 0.22
0.25 1.56 0.24
0.30 1.58 0.23
0.35 1.60 0.25
0.40 1.65 0.27
0.45 1.69 0.27
0.50 1.69 0.27
0.55 1.72 0.29
0.60 1.79 0.32
0.65 1.85 0.33
0.70 1.86 0.36
0.75 1.91 0.38
0.80 1.91 0.38
0.85 1.93 0.41
0.90 1.96 0.44
0.95 1.93 0.43
1.00 1.54 0.38


"k=200"
0.00 1.21 0.07
0.05 1.20 0.06
0.10 1.22 0.06
0.15 1.25 0.06
0.20 1.26 0.06
0.25 1.29 0.07
0.30 1.31 0.08
0.35 1.34 0.08
0.40 1.36 0.07
0.45 1.39 0.08
0.50 1.41 0.09
0.55 1.44 0.09
0.60 1.47 0.10
0.65 1.51 0.11
0.70 1.54 0.11
0.75 1.57 0.11
0.80 1.60 0.12
0.85 1.62 0.12
0.90 1.65 0.13
0.95 1.62 0.15
1.00 1.20 0.08


"k=1000"
0.00 1.11 0.04
0.05 1.10 0.02
0.10 1.12 0.02
0.15 1.14 0.03
0.20 1.16 0.03
0.25 1.19 0.03
0.30 1.21 0.03
0.35 1.23 0.04
0.40 1.26 0.03
0.45 1.28 0.03
0.50 1.31 0.04
