# frac uncensored   frac received among censored    codeword rate
0.8 0.8750994670069815 0.5794380000559558
0.81 0.8668703944288697 0.5684520000528211
0.8200000000000001 0.8592065377910527 0.5532660000502415
0.8300000000000001 0.8504298433237288 0.5243700000470022
0.8400000000000001 0.8378582390298069 0.5054700000321961
0.8500000000000001 0.8266774443524036 0.4827339999979173
0.8600000000000001 0.8086549607178122 0.463933999998045
0.8700000000000001 0.7952777734994686 0.4446299999981351
0.8800000000000001 0.7783167879439541 0.4194779999982717
0.8900000000000001 0.7571298901697376 0.39002799999838583
0.9000000000000001 0.7326532038292223 0.3636399999985245
0.9100000000000001 0.6932599572588057 0.32382399999870515
0.9200000000000002 0.6519034865967512 0.28959999999886393
0.9300000000000002 0.5882614814602062 0.2500479999990608
0.9400000000000002 0.5048872431278356 0.20964799999928369
0.9500000000000002 0.3766668671920432 0.14138399999954984
0.9600000000000002 0.22146773301141795 0.07396999999976703
0.9700000000000002 0.07084823966030292 0.019530000000066657
0.9800000000000002 0.016413190784520405 0.0027060000000018883
