# node 0 num peers 7
32.000007816 3412
33.000010431 2955
34.000005802 2905
35.000021685 3765
36.000020215 3359
37.000010817 3636
38.000022092 3157
39.000015224 3519
40.000062149 3880
41.000026927 3221
42.000012301 3796
43.000021214 3801
44.000013517 2914
45.000001586 3805
46.000059863 3766
47.000046907 3336
48.000058276 3082
49.000021222 3410
50.000017366 3654
51.00006228 3156
52.000000326 3653
53.000004632 4107
54.000001998 3138
55.000016854 3415
56.000004915 3600
57.000017953 3509
58.000006647 4286
59.000029689 3281
# moments: mean, stddev, p5, p25, p50, p75, p95
# decoded transaction rate [1205.6805587775834 4.298654736774739 1199.248772258731 1203.306239369232 1205.5849726685428 1207.5562350182622 1212.1401383714287]
# overhead [2.606542216946146 0.4183750062814241 1.9450149264419214 2.319365071783285 2.5862643345559655 2.868829048764937 3.3377051247882967]
# latency p5 [0.7072364785633747 0.256247225545443 0.3867094391922543 0.5211469628985177 0.66360799687874 0.8269125475092788 1.2373632679817699]
# latency p50 [1.2847613318228717 0.3267560024988128 0.913882745752633 1.0512202836445255 1.233625010374574 1.41901314949211 1.9601050193142804]
# latency p95 [1.8216559927676812 0.40293379894252107 1.3909138792051374 1.5372026931532004 1.7331981299642194 1.9541832518843276 2.6378978546030587]
