# node 0 num peers 10
32.000010199 4186
33.000000239 3763
34.000019333 3429
35.000000679 4085
36.000014493 3983
37.000027523 4204
38.000001177 3843
39.000006993 4240
40.000006261 4055
41.000009343 3394
42.000003806 4254
43.000002504 3485
44.00002711 4410
45.000010065 4174
46.00001112 3895
47.000004293 4002
48.00001333 3852
49.000011859 4230
50.000026961 3964
51.000009366 4225
52.00002646 4701
53.000008556 3612
54.000006099 4474
55.000002172 4050
56.000005897 3784
57.000004742 3995
58.000014974 3670
59.000000909 4251
# moments: mean, stddev, p5, p25, p50, p75, p95
# decoded transaction rate [1193.529893623493 2.171766424561508 1189.413755821479 1192.4482384849846 1193.6206522413388 1194.7930659976932 1196.6620314563522]
# overhead [3.0988151749475823 0.42139875854661946 2.34825552056115 2.805834537811088 3.1012983239056613 3.384969450122266 3.8057338412641872]
# latency p5 [0.439001932274361 0.14354588219445324 0.24411960110470146 0.3295302891372667 0.41477074416457205 0.5116715635730901 0.7210583020230856]
# latency p50 [0.7839729259131036 0.18243233393832078 0.5542886659055842 0.6504672444652996 0.7482189202129548 0.86066063637814 1.14574776435662]
# latency p95 [1.095166318618037 0.21908496197254934 0.8269125475092788 0.9323450234446052 1.0512202836445255 1.1852523014097838 1.5466131779597707]
