# node 0 num peers 7
52.000004549 2852
53.000009915 3023
54.000007351 3124
55.000031904 2871
56.000010061 3539
57.000015236 3824
58.000001364 3413
59.000004401 3094
60.000019829 3455
61.000009436 3828
62.000022884 2558
63.000001172 3005
64.000010107 3294
65.000000398 2395
66.000005559 2428
67.000007134 3016
68.000001414 3331
69.000042618 3555
70.000010168 3443
71.000022647 2854
72.000014122 2923
73.000002963 3689
74.000028185 3638
75.00000112 3244
76.000022806 3145
77.000005604 3137
78.000005862 2375
79.000015038 3481
# moments: mean, stddev, p5, p25, p50, p75, p95
# decoded transaction rate [1199.3304125679051 9.083284796151034 1189.4838659497111 1195.0252423865657 1198.56834399756 1202.1114456085545 1213.775232663726]
# overhead [2.3858703496062645 0.3805920926308155 1.8018518245640487 2.1015339737607848 2.360877792721776 2.627826290129895 3.0884957167003466]
# latency p5 [1.3560094172498687 0.48639080106448707 0.7610671238933792 0.9899999999999999 1.283971914175189 1.5708974568078358 2.3395961582549036]
# latency p50 [2.4805062309956054 0.620295425763666 1.76821223359986 2.0339376953853714 2.386860727108538 2.745556169248627 3.717380998599736]
# latency p95 [3.5920036869972543 0.7603647752759285 2.745556169248627 3.0343189471833005 3.42119874522557 3.857406244389097 5.103896839254354]
