# node 0 num peers 7
52.000008494 4052
53.000036117 4010
54.000003519 4689
55.000004762 4418
56.000013195 4359
57.000001359 3630
58.000006543 4127
59.000025613 4228
60.0000029 3606
61.000016965 3577
62.000083674 3829
63.00000926 4334
64.000021401 3802
65.000000903 3908
66.000007193 4194
67.000006549 3998
68.000009807 4111
69.000033782 3636
70.000002934 3881
71.000013624 4713
72.00001949 3626
73.000015027 4322
74.000000897 4204
75.000000758 3642
76.000000749 4098
77.000005872 4151
78.000017133 4009
79.000004688 4261
# moments: mean, stddev, p5, p25, p50, p75, p95
# decoded transaction rate [1196.6418755221684 2.9289673292327185 1191.3101522461382 1195.2727952837174 1196.8791168631274 1198.103254596274 1201.0256679169543]
# overhead [3.148201546509963 0.5724056703002236 2.2901618155668055 2.7511569896453376 3.103355552607991 3.528345336420284 4.087353202956523]
# latency p5 [0.3937498494374541 0.15615200534286708 0.21651379711411248 0.28647853369166915 0.3715458497719131 0.46297803311061236 0.6790657772774152]
# latency p50 [0.7091002077706768 0.1972108551960084 0.5000497322546033 0.5769103847467466 0.6770142190379064 0.77875535201432 1.0757069269213388]
# latency p95 [1.012099802219372 0.23923837035736728 0.7764422173053666 0.86066063637814 0.9703960396039604 1.0941228561838388 1.4769261440637702]
