# node 0 num peers 7
52.000012413 3184
53.000000332 3620
54.000015549 4182
55.000010717 3470
56.000008124 3756
57.000015521 3116
58.000022679 4094
59.000003221 3767
60.000002677 3827
61.000017885 3689
62.000003522 3897
63.00003904 3047
64.000063656 4582
65.000040342 3297
66.000011324 3488
67.000010912 4244
68.000035032 3641
69.000004315 4109
70.000000681 3293
71.000045636 3785
72.000004374 3175
73.000009312 4034
74.000020997 3873
75.000000603 3759
76.00000882 3605
77.000020964 4223
78.000003173 3394
79.000009459 3790
# moments: mean, stddev, p5, p25, p50, p75, p95
# decoded transaction rate [1208.0179508054537 2.932922214349005 1203.6392625784902 1206.4823650994244 1207.8616749943592 1209.5858123630276 1212.7685699455897]
# overhead [2.8649200669455266 0.4866490404557825 2.102005468640381 2.521617730476341 2.8451382316650973 3.168237103950641 3.684717101951115]
# latency p5 [0.49906770680198215 0.17895880176213683 0.280805691440349 0.3641885062120732 0.47233112468860455 0.5778816143506975 0.8632686989126194]
# latency p50 [0.9020066104363519 0.22777343923167792 0.6375867049709373 0.7334027039711141 0.86066063637814 0.9899999999999999 1.3675024574759425]
# latency p95 [1.2796112212582036 0.2793387080016594 0.9703960396039604 1.0941228561838388 1.233625010374574 1.3633710301119668 1.8775561270187529]
