# node 0 num peers 6
52.000079724 554
53.000186825 511
54.000005396 631
55.000166254 584
56.000065504 445
57.000042277 621
58.000041768 554
59.000189406 554
60.000013321 511
61.000023922 793
62.000211936 521
63.000086697 513
64.000150327 594
65.000042245 652
66.000027182 547
67.000069677 579
68.000247152 633
69.000092827 710
70.000112487 497
71.00000406 469
72.000063688 743
73.000020059 532
74.000101012 685
75.000031365 608
76.00021475 650
77.000018878 435
78.000341794 728
79.000014011 642
# moments: mean, stddev, p5, p25, p50, p75, p95
# decoded transaction rate [232.90816333530083 0.7596946690406351 231.47230196005438 232.44816355754415 232.9309219449949 233.41368033244567 233.99643867158267]
# overhead [2.4659127210724017 0.25391245319345107 1.9840516605166052 2.330233754707295 2.4472530325395523 2.650978684290558 2.8634545751686353]
# latency p5 [0.41494420165109375 0.18106022251595963 0.21598871735737118 0.2693495771289411 0.36786717799199314 0.5237837203273714 0.7835227554548728]
# latency p50 [0.9345943909084925 0.2473801210373418 0.6597048030925695 0.7321924684860133 0.8782233470480337 1.0779836669192693 1.4233131893390558]
# latency p95 [1.4610245736286616 0.29306348862953596 1.138776375464885 1.209196792347355 1.3771424546585522 1.6081841015624243 2.046389104601076]
