# node 0 num peers 10
52.000006685 1639
53.000035229 1858
54.000018333 1433
55.000044001 1563
56.000012749 1591
57.000002795 1428
58.00000911 1527
59.00007032 1545
60.000002902 1568
61.000147497 1598
62.000033948 1409
63.000103142 1740
64.000069988 1279
65.00004742 1610
66.00002319 1628
67.000060993 1459
68.00021485 1621
69.00001729 1490
70.0000022 1488
71.000045056 1767
72.000054748 1687
73.000019939 1461
74.000052348 1488
75.000038084 1436
76.000018792 1522
77.00003952 1758
78.000018353 1435
79.000021008 1720
# moments: mean, stddev, p5, p25, p50, p75, p95
# decoded transaction rate [477.1841370798499 1.3508671724654249 475.07034550766144 476.54563179526554 477.1203440226142 477.68930912768946 479.5479284709351]
# overhead [2.5117040566796285 0.3619139858072283 1.897916879180654 2.3028840730869784 2.52476841848347 2.7142550728619717 3.1948242187612985]
# latency p5 [0.48052666225333796 0.21166958108815964 0.25587919380690405 0.3361874666955953 0.4231499511173916 0.5542886659055842 0.9381261407016871]
# latency p50 [1.0005983738397777 0.2673457004539018 0.7385883796557583 0.8269125475092788 0.913882745752633 1.0850954398786916 1.5888505705999247]
# latency p95 [1.5005608770741057 0.32027815951630373 1.1936328732379338 1.2947797585706031 1.3771424546585522 1.568257293014881 2.2322770814448862]
